date/time: ,31/05/2023,08:24 p.m.
Run 1

time	Velocity 2
0,000000	7,613348E-1
0,016667	7,605874E-1
0,033333	7,595571E-1
0,050000	7,584093E-1
0,066667	7,578701E-1
0,083333	7,569679E-1
0,100000	7,560977E-1
0,116667	7,556813E-1
0,133333	7,555799E-1
0,150000	7,555051E-1
0,166667	7,553023E-1
0,183333	7,554037E-1
0,200000	7,553717E-1
0,216667	7,557614E-1
0,233333	7,560924E-1
0,250000	7,569572E-1
0,266667	7,581744E-1
0,283333	7,583772E-1
0,300000	7,593916E-1
0,316667	7,604326E-1
0,333333	7,615216E-1
0,350000	7,625626E-1
0,366667	7,651571E-1
0,383333	7,664384E-1
0,400000	7,680720E-1
0,416667	7,692891E-1
0,433333	7,710562E-1
0,450000	7,723641E-1
0,466667	7,741418E-1
0,483333	7,758074E-1
0,500000	7,775692E-1
0,516667	7,794003E-1
0,533333	7,809911E-1
0,550000	7,830678E-1
0,566667	7,851338E-1
0,583333	7,866019E-1
0,600000	7,886892E-1
0,616667	7,905898E-1
0,633333	7,921486E-1
0,650000	7,942359E-1
0,666667	7,959710E-1
0,683333	7,976579E-1
0,700000	7,993022E-1
0,716667	8,012721E-1
0,733333	8,029857E-1
0,750000	8,044218E-1
0,766667	8,061782E-1
0,783333	8,074754E-1
0,800000	8,091731E-1
0,816667	8,102888E-1
0,833333	8,118423E-1
0,850000	8,126164E-1
0,866667	8,141325E-1
0,883333	8,151415E-1
0,900000	8,161451E-1
0,916667	8,171808E-1
0,933333	8,180243E-1
0,950000	8,186275E-1
0,966667	8,198554E-1
0,983333	8,199568E-1
1,000000	8,202825E-1
1,016667	8,202825E-1
1,033333	8,202825E-1
1,050000	8,197967E-1
1,066667	8,190706E-1
1,083333	8,183820E-1
1,100000	8,179549E-1
1,116667	8,174317E-1
1,133333	8,167698E-1
1,150000	8,154244E-1
1,166667	8,148105E-1
1,183333	8,134652E-1
1,200000	8,124883E-1
1,216667	8,113512E-1
1,233333	8,098938E-1
1,250000	8,085004E-1
1,266667	8,071231E-1
1,283333	8,056123E-1
1,300000	8,040054E-1
1,316667	8,019554E-1
1,333333	8,007916E-1
1,350000	7,987790E-1
1,366667	7,971454E-1
1,383333	7,956186E-1
1,400000	7,935152E-1
1,416667	7,918069E-1
1,433333	7,901787E-1
1,450000	7,886519E-1
1,466667	7,871785E-1
1,483333	7,851765E-1
1,500000	7,838045E-1
1,516667	7,818773E-1
1,533333	7,805801E-1
1,550000	7,791333E-1
1,566667	7,774944E-1
1,583333	7,764587E-1
1,600000	7,751081E-1
1,616667	7,736293E-1
1,633333	7,726631E-1
1,650000	7,715740E-1
1,666667	7,704796E-1
1,683333	7,697963E-1
1,700000	7,690916E-1
1,716667	7,683816E-1
1,733333	7,676182E-1
1,750000	7,673940E-1
1,766667	7,671484E-1
1,783333	7,667800E-1
1,800000	7,668708E-1
1,816667	7,666840E-1
1,833333	7,666679E-1
1,850000	7,667907E-1
1,866667	7,670470E-1
1,883333	7,671591E-1
1,900000	7,677623E-1
1,916667	7,681360E-1
1,933333	7,686859E-1
1,950000	7,692037E-1
1,966667	7,697803E-1
1,983333	7,706131E-1
2,000000	7,714886E-1
2,016667	7,714886E-1
2,033333	7,714886E-1
2,050000	7,746063E-1
2,066667	7,753804E-1
2,083333	7,766296E-1
2,100000	7,766296E-1
2,116667	7,766296E-1
2,133333	7,802651E-1
2,150000	7,814929E-1
2,166667	7,826834E-1
2,183333	7,826834E-1
2,200000	7,826834E-1
2,216667	7,871144E-1
2,233333	7,882995E-1
2,250000	7,895754E-1
2,266667	7,909207E-1
2,283333	7,924636E-1
2,300000	7,937982E-1
2,316667	7,950794E-1
2,333333	7,963660E-1
2,350000	7,974871E-1
2,366667	7,993823E-1
2,383333	8,002524E-1
2,400000	8,017045E-1
2,416667	8,027829E-1
2,433333	8,037812E-1
2,450000	8,049343E-1
2,466667	8,059646E-1
2,483333	8,069309E-1
2,500000	8,076516E-1
2,516667	8,085271E-1
2,533333	8,092318E-1
2,550000	8,097656E-1
2,566667	8,102514E-1
2,583333	8,103102E-1
2,600000	8,110576E-1
2,616667	8,112177E-1
2,633333	8,114473E-1
2,650000	8,113619E-1
2,666667	8,114152E-1
2,683333	8,111750E-1
2,700000	8,109134E-1
2,716667	8,105984E-1
2,733333	8,105984E-1
2,750000	8,105984E-1
2,766667	8,094293E-1
2,783333	8,090183E-1
2,800000	8,082442E-1
2,816667	8,075555E-1
2,833333	8,070644E-1
2,850000	8,063597E-1
2,866667	8,051051E-1
2,883333	8,044218E-1
2,900000	8,036317E-1
2,916667	8,027775E-1
2,933333	8,017846E-1
2,950000	8,003645E-1
2,966667	7,993449E-1
2,983333	7,984320E-1
3,000000	7,973696E-1
3,016667	7,964728E-1
3,033333	7,964728E-1
3,050000	7,964728E-1
3,066667	7,929654E-1
3,083333	7,918123E-1
3,100000	7,910916E-1
3,116667	7,897089E-1
3,133333	7,887213E-1
3,150000	7,875788E-1
3,166667	7,862923E-1
3,183333	7,854114E-1
3,200000	7,847014E-1
3,216667	7,837138E-1
3,233333	7,827902E-1
3,250000	7,817118E-1
3,266667	7,808683E-1
3,283333	7,802704E-1
3,300000	7,794697E-1
3,316667	7,787917E-1
3,333333	7,782632E-1
3,350000	7,777774E-1
3,366667	7,774624E-1
3,383333	7,767577E-1
3,400000	7,766082E-1
3,416667	7,763520E-1
3,433333	7,759462E-1
3,450000	7,759996E-1
3,466667	7,759142E-1
3,483333	7,760637E-1
3,500000	7,760637E-1
3,516667	7,760637E-1
3,533333	7,763733E-1
3,550000	7,769979E-1
3,566667	7,770460E-1
3,583333	7,774998E-1
3,600000	7,779589E-1
3,616667	7,781457E-1
3,633333	7,789465E-1
3,650000	7,793949E-1
3,666667	7,799822E-1
3,683333	7,806815E-1
3,700000	7,812847E-1
3,716667	7,821603E-1
3,733333	7,826781E-1
3,750000	7,835589E-1
3,766667	7,842156E-1
3,783333	7,849737E-1
3,800000	7,858919E-1
3,816667	7,869222E-1
3,833333	7,877657E-1
3,850000	7,885504E-1
3,866667	7,894420E-1
3,883333	7,904510E-1
3,900000	7,910008E-1
3,916667	7,921272E-1
3,933333	7,929494E-1
3,950000	7,938676E-1
3,966667	7,944869E-1
3,983333	7,951915E-1
4,000000	7,962806E-1
4,016667	7,970814E-1
4,033333	7,976686E-1
4,050000	7,984053E-1
4,066667	7,990940E-1
4,083333	7,995050E-1
4,100000	8,003966E-1
4,116667	8,007703E-1
4,133333	8,015230E-1
4,150000	8,019501E-1
4,166667	8,021262E-1
4,183333	8,022437E-1
4,200000	8,025907E-1
4,216667	8,029377E-1
4,233333	8,030765E-1
4,250000	8,033594E-1
4,266667	8,032046E-1
4,283333	8,032580E-1
4,300000	8,031459E-1
4,316667	8,029377E-1
4,333333	8,026921E-1
4,350000	8,025960E-1
4,366667	8,022330E-1
4,383333	8,022330E-1
4,400000	8,022330E-1
4,416667	8,015977E-1
4,433333	8,012881E-1
4,450000	8,009518E-1
4,466667	8,002364E-1
4,483333	7,997987E-1
4,500000	7,993449E-1
4,516667	7,989765E-1
4,533333	7,985975E-1
4,550000	7,978715E-1
4,566667	7,972415E-1
4,583333	7,966596E-1
4,600000	7,962913E-1
4,616667	7,955492E-1
4,633333	7,948018E-1
4,650000	7,942733E-1
4,666667	7,939423E-1
4,683333	7,932056E-1
4,700000	7,929173E-1
4,716667	7,923301E-1
4,733333	7,915133E-1
4,750000	7,908834E-1
4,766667	7,904029E-1
4,783333	7,900132E-1
4,800000	7,895114E-1
4,816667	7,888441E-1
4,833333	7,884170E-1
4,850000	7,878458E-1
4,866667	7,874133E-1
4,883333	7,870610E-1
4,900000	7,866873E-1
4,916667	7,862122E-1
4,933333	7,858385E-1
4,950000	7,857744E-1
4,966667	7,854381E-1
4,983333	7,851979E-1
5,000000	7,850858E-1
5,016667	7,848028E-1
5,033333	7,849043E-1
5,050000	7,846640E-1
5,066667	7,845466E-1
5,083333	7,848562E-1
5,100000	7,847174E-1
5,116667	7,848188E-1
5,133333	7,851018E-1
5,150000	7,851872E-1
5,166667	7,854061E-1
5,183333	7,856036E-1
5,200000	7,857584E-1
5,216667	7,861588E-1
5,233333	7,862229E-1
5,250000	7,864951E-1
5,266667	7,864951E-1
5,283333	7,864951E-1
5,300000	7,875361E-1
5,316667	7,880059E-1
5,333333	7,882782E-1
5,350000	7,886252E-1
5,366667	7,891056E-1
5,383333	7,892658E-1
5,400000	7,896662E-1
5,416667	7,903549E-1
5,433333	7,907179E-1
5,450000	7,911236E-1
5,466667	7,912144E-1
5,483333	7,916735E-1
5,500000	7,919671E-1
5,516667	7,923034E-1
5,533333	7,926985E-1
5,550000	7,932964E-1
5,566667	7,935099E-1
5,583333	7,937074E-1
5,600000	7,940811E-1
5,616667	7,941132E-1
5,633333	7,945402E-1
5,650000	7,947538E-1
5,666667	7,950474E-1
5,683333	7,950634E-1
5,700000	7,952396E-1
5,716667	7,955492E-1
5,733333	7,956773E-1
5,750000	7,958161E-1
5,766667	7,957734E-1
5,783333	7,959977E-1
5,800000	7,960831E-1
5,816667	7,961151E-1
5,833333	7,958535E-1
5,850000	7,956506E-1
5,866667	7,956026E-1
5,883333	7,954691E-1
5,900000	7,952823E-1
5,916667	7,952076E-1
5,933333	7,952129E-1
5,950000	7,951969E-1
5,966667	7,950474E-1
5,983333	7,943053E-1
6,000000	7,947591E-1
6,016667	7,945296E-1
6,033333	7,945296E-1
6,050000	7,945296E-1
6,066667	7,941185E-1
6,083333	7,941025E-1
6,100000	7,940491E-1
6,116667	7,940491E-1
6,133333	7,940491E-1
6,150000	7,937555E-1
6,166667	7,936274E-1
6,183333	7,935152E-1
6,200000	7,935900E-1
6,216667	7,932430E-1
6,233333	7,932056E-1
6,250000	7,931843E-1
6,266667	7,929334E-1
6,283333	7,926771E-1
6,300000	7,925864E-1
6,316667	7,924048E-1
6,333333	7,921806E-1
6,350000	7,921913E-1
6,366667	7,921913E-1
6,383333	7,918817E-1
6,400000	7,918016E-1
6,416667	7,917856E-1
6,433333	7,916308E-1
6,450000	7,917375E-1
6,466667	7,915934E-1
6,483333	7,917108E-1
6,500000	7,915240E-1
6,516667	7,917642E-1
6,533333	7,918069E-1
6,550000	7,916681E-1
6,566667	7,917802E-1
6,583333	7,919244E-1
6,600000	7,918550E-1
6,616667	7,921699E-1
6,633333	7,921166E-1
6,650000	7,920685E-1
6,666667	7,921593E-1
6,683333	7,924262E-1
6,700000	7,923408E-1
6,716667	7,924315E-1
6,733333	7,925597E-1
6,750000	7,923781E-1
6,766667	7,924209E-1
6,783333	7,926291E-1
6,800000	7,925970E-1
6,816667	7,926237E-1
6,833333	7,926024E-1
6,850000	7,923568E-1
6,866667	7,923675E-1
6,883333	7,923461E-1
6,900000	7,925490E-1
6,916667	7,923354E-1
6,933333	7,923461E-1
6,950000	7,922554E-1
6,966667	7,922180E-1
6,983333	7,924529E-1
7,000000	7,922073E-1
7,016667	7,923141E-1
7,033333	7,922821E-1
7,050000	7,923087E-1
7,066667	7,923835E-1
7,083333	7,922767E-1
7,100000	7,924796E-1
7,116667	7,924475E-1
7,133333	7,924475E-1
7,150000	7,922233E-1
7,166667	7,923194E-1
7,183333	7,922607E-1
7,200000	7,924369E-1
7,216667	7,922127E-1
7,233333	7,922660E-1
7,250000	7,922287E-1
7,266667	7,920845E-1
7,283333	7,921593E-1
7,300000	7,922447E-1
7,316667	7,922607E-1
7,333333	7,922927E-1
7,350000	7,923515E-1
7,366667	7,922660E-1
7,383333	7,922607E-1
7,400000	7,921806E-1
7,416667	7,923408E-1
7,433333	7,921860E-1
7,450000	7,921059E-1
7,466667	7,921806E-1
7,483333	7,921646E-1
7,500000	7,923781E-1
7,516667	7,922073E-1
7,533333	7,921593E-1
7,550000	7,923301E-1
7,566667	7,923568E-1
7,583333	7,922607E-1
7,600000	7,922287E-1
7,616667	7,922393E-1
7,633333	7,921486E-1
7,650000	7,922340E-1
7,666667	7,923568E-1
7,683333	7,923461E-1
7,700000	7,921913E-1
7,716667	7,923888E-1
7,733333	7,923888E-1
7,750000	7,921166E-1
7,766667	7,920952E-1
7,783333	7,922767E-1
7,800000	7,921379E-1
7,816667	7,923354E-1
7,833333	7,921433E-1
7,850000	7,921486E-1
7,866667	7,921806E-1
7,883333	7,921379E-1
7,900000	7,923728E-1
7,916667	7,921272E-1
7,933333	7,922714E-1
7,950000	7,922180E-1
7,966667	7,923408E-1
7,983333	7,922500E-1
8,000000	7,921860E-1
8,016667	7,923354E-1
8,033333	7,922607E-1
8,050000	7,923675E-1
8,066667	7,922233E-1
8,083333	7,921433E-1
8,100000	7,923408E-1
8,116667	7,922127E-1
8,133333	7,922180E-1
8,150000	7,922821E-1
8,166667	7,922927E-1
8,183333	7,923835E-1
8,200000	7,923728E-1
8,216667	7,922874E-1
8,233333	7,922073E-1
8,250000	7,921112E-1
8,266667	7,923675E-1
8,283333	7,922393E-1
8,300000	7,923034E-1
8,316667	7,922981E-1
8,333333	7,921593E-1
8,350000	7,922340E-1
8,366667	7,923621E-1
8,383333	7,923461E-1
8,400000	7,923354E-1
8,416667	7,922447E-1
8,433333	7,922287E-1
8,450000	7,923408E-1
8,466667	7,923461E-1
8,483333	7,922180E-1
8,500000	7,922233E-1
8,516667	7,921486E-1
8,533333	7,921593E-1
8,550000	7,921059E-1
8,566667	7,923194E-1
8,583333	7,922554E-1
8,600000	7,921059E-1
8,616667	7,923781E-1
8,633333	7,922660E-1
8,650000	7,922393E-1
8,666667	7,921059E-1
8,683333	7,923194E-1
8,700000	7,921699E-1
8,716667	7,922660E-1
8,733333	7,922447E-1
8,750000	7,922714E-1
8,766667	7,923515E-1
8,783333	7,922127E-1
8,800000	7,921753E-1
8,816667	7,924048E-1
8,833333	7,923621E-1
8,850000	7,921966E-1
8,866667	7,923354E-1
8,883333	7,923087E-1
8,900000	7,922340E-1
8,916667	7,923354E-1
8,933333	7,922714E-1
8,950000	7,923301E-1
8,966667	7,922393E-1
8,983333	7,921433E-1
9,000000	7,921219E-1
9,016667	7,922127E-1
9,033333	7,921486E-1
9,050000	7,922767E-1
9,066667	7,921753E-1
9,083333	7,921699E-1
9,100000	7,921112E-1
9,116667	7,923621E-1
9,133333	7,922821E-1
9,150000	7,922981E-1
9,166667	7,921219E-1
9,183333	7,921112E-1
9,200000	7,921699E-1
9,216667	7,921166E-1
9,233333	7,922981E-1
9,250000	7,921699E-1
9,266667	7,922393E-1
9,283333	7,923034E-1
9,300000	7,923408E-1
9,316667	7,923141E-1
9,333333	7,922660E-1
9,350000	7,922874E-1
9,366667	7,923141E-1
9,383333	7,924529E-1
9,400000	7,921806E-1
9,416667	7,924048E-1
9,433333	7,923995E-1
9,450000	7,921806E-1
9,466667	7,921486E-1
9,483333	7,924636E-1
9,500000	7,924582E-1
9,516667	7,921593E-1
9,533333	7,922340E-1
9,550000	7,922180E-1
9,566667	7,921593E-1
9,583333	7,922554E-1
9,600000	7,923995E-1
9,616667	7,922821E-1
9,633333	7,924315E-1
9,650000	7,922340E-1
9,666667	7,923995E-1
9,683333	7,924689E-1
9,700000	7,923034E-1
9,716667	7,922447E-1
9,733333	7,922554E-1
9,750000	7,923034E-1
9,766667	7,922073E-1
9,783333	7,924262E-1
9,800000	7,922500E-1
9,816667	7,922767E-1
9,833333	7,922340E-1
9,850000	7,922287E-1
9,866667	7,922607E-1
9,883333	7,922500E-1
9,900000	7,922447E-1
9,916667	7,923995E-1
9,933333	7,922607E-1
9,950000	7,921272E-1
9,966667	7,922554E-1
9,983333	7,924048E-1
10,000000	7,922340E-1
10,016667	7,923728E-1
10,033333	7,923194E-1
10,050000	7,924102E-1
10,066667	7,924155E-1
10,083333	7,920311E-1
10,100000	7,923034E-1
10,116667	7,924209E-1
10,133333	7,924475E-1
10,150000	7,921753E-1
10,166667	7,922554E-1
10,183333	7,921326E-1
10,200000	7,923995E-1
10,216667	7,923034E-1
10,233333	7,923087E-1
10,250000	7,921539E-1
10,266667	7,922821E-1
10,283333	7,924315E-1
10,300000	7,923194E-1
10,316667	7,921753E-1
10,333333	7,921379E-1
10,350000	7,921646E-1
10,366667	7,923408E-1
10,383333	7,922874E-1
10,400000	7,921112E-1
10,416667	7,923461E-1
10,433333	7,923568E-1
10,450000	7,921699E-1
10,466667	7,921433E-1
10,483333	7,922927E-1
10,500000	7,921699E-1
10,516667	7,920845E-1
10,533333	7,923034E-1
10,550000	7,922874E-1
10,566667	7,920739E-1
10,583333	7,922554E-1
10,600000	7,922714E-1
10,616667	7,920952E-1
10,633333	7,923675E-1
10,650000	7,921379E-1
10,666667	7,922340E-1
10,683333	7,922393E-1
10,700000	7,922233E-1
10,716667	7,923675E-1
10,733333	7,921966E-1
10,750000	7,922340E-1
10,766667	7,920952E-1
10,783333	7,923354E-1
10,800000	7,923248E-1
10,816667	7,921486E-1
10,833333	7,922554E-1
10,850000	7,921433E-1
10,866667	7,923568E-1
10,883333	7,921753E-1
10,900000	7,923087E-1
10,916667	7,922020E-1
10,933333	7,923141E-1
10,950000	7,922393E-1
10,966667	7,923888E-1
10,983333	7,923408E-1
11,000000	7,922821E-1
11,016667	7,923301E-1
11,033333	7,921646E-1
11,050000	7,923034E-1
11,066667	7,923408E-1
11,083333	7,921860E-1
11,100000	7,921219E-1
11,116667	7,923621E-1
11,133333	7,921539E-1
11,150000	7,923728E-1
11,166667	7,920952E-1
11,183333	7,922287E-1
11,200000	7,923087E-1
11,216667	7,922927E-1
11,233333	7,922073E-1
11,250000	7,922020E-1
11,266667	7,922500E-1
11,283333	7,923888E-1
11,300000	7,922981E-1
11,316667	7,923034E-1
11,333333	7,921379E-1
11,350000	7,922073E-1
11,366667	7,924369E-1
11,383333	7,921486E-1
11,400000	7,920952E-1
11,416667	7,922233E-1
11,433333	7,922447E-1
11,450000	7,921433E-1
11,466667	7,922981E-1
11,483333	7,922927E-1
11,500000	7,923675E-1
11,516667	7,921699E-1
11,533333	7,921539E-1
11,550000	7,921166E-1
11,566667	7,923301E-1
11,583333	7,921966E-1
11,600000	7,921326E-1
11,616667	7,923515E-1
11,633333	7,921753E-1
11,650000	7,922447E-1
11,666667	7,923248E-1
11,683333	7,924209E-1
11,700000	7,921646E-1
11,716667	7,923087E-1
11,733333	7,920899E-1
11,750000	7,922660E-1
11,766667	7,922020E-1
11,783333	7,921646E-1
11,800000	7,922981E-1
11,816667	7,921966E-1
11,833333	7,922607E-1
11,850000	7,920899E-1
11,866667	7,921486E-1
11,883333	7,921005E-1
11,900000	7,921005E-1
11,916667	7,921005E-1
11,933333	7,922233E-1
11,950000	7,923141E-1
11,966667	7,922714E-1
11,983333	7,920739E-1
12,000000	7,923568E-1
12,016667	7,922767E-1
12,033333	7,921486E-1
12,050000	7,922500E-1
12,066667	7,923248E-1
12,083333	7,922233E-1
12,100000	7,921433E-1
12,116667	7,923301E-1
12,133333	7,923568E-1
12,150000	7,922393E-1
12,166667	7,921379E-1
12,183333	7,921966E-1
12,200000	7,920899E-1
12,216667	7,922767E-1
12,233333	7,922340E-1
12,250000	7,922233E-1
12,266667	7,923515E-1
12,283333	7,921379E-1
12,300000	7,923781E-1
12,316667	7,923248E-1
12,333333	7,922767E-1
12,350000	7,922020E-1
12,366667	7,923461E-1
12,383333	7,924422E-1
12,400000	7,923194E-1
12,416667	7,921966E-1
12,433333	7,922073E-1
12,450000	7,922020E-1
12,466667	7,924475E-1
12,483333	7,923781E-1
12,500000	7,923087E-1
12,516667	7,924529E-1
12,533333	7,924048E-1
12,550000	7,923781E-1
12,566667	7,924582E-1
12,583333	7,923034E-1
12,600000	7,925597E-1
12,616667	7,924422E-1
12,633333	7,923621E-1
12,650000	7,925490E-1
12,666667	7,925864E-1
12,683333	7,924903E-1
12,700000	7,925650E-1
12,716667	7,923141E-1
12,733333	7,925757E-1
12,750000	7,924048E-1
12,766667	7,924689E-1
12,783333	7,925330E-1
12,800000	7,924102E-1
12,816667	7,924048E-1
12,833333	7,923515E-1
12,850000	7,924155E-1
12,866667	7,922927E-1
12,883333	7,922607E-1
12,900000	7,924956E-1
12,916667	7,923675E-1
12,933333	7,922287E-1
12,950000	7,922073E-1
12,966667	7,921966E-1
12,983333	7,923568E-1
13,000000	7,924369E-1
13,016667	7,925436E-1
13,033333	7,923354E-1
13,050000	7,922500E-1
13,066667	7,921860E-1
13,083333	7,924475E-1
13,100000	7,923728E-1
13,116667	7,922874E-1
13,133333	7,923728E-1
13,150000	7,923354E-1
13,166667	7,923568E-1
13,183333	7,923888E-1
13,200000	7,923675E-1
13,216667	7,924849E-1
13,233333	7,922447E-1
13,250000	7,923354E-1
13,266667	7,924475E-1
13,283333	7,923301E-1
13,300000	7,923087E-1
13,316667	7,922981E-1
13,333333	7,922447E-1
13,350000	7,921486E-1
13,366667	7,923354E-1
13,383333	7,921860E-1
13,400000	7,922927E-1
13,416667	7,921272E-1
13,433333	7,922607E-1
13,450000	7,923408E-1
13,466667	7,923301E-1
13,483333	7,923141E-1
13,500000	7,921379E-1
13,516667	7,921379E-1
13,533333	7,922340E-1
13,550000	7,921913E-1
13,566667	7,923835E-1
13,583333	7,923781E-1
13,600000	7,922287E-1
13,616667	7,923515E-1
13,633333	7,922127E-1
13,650000	7,923781E-1
13,666667	7,922127E-1
13,683333	7,921646E-1
13,700000	7,922287E-1
13,716667	7,921593E-1
13,733333	7,921699E-1
13,750000	7,922180E-1
13,766667	7,923248E-1
13,783333	7,922020E-1
13,800000	7,922287E-1
13,816667	7,921059E-1
13,833333	7,922660E-1
13,850000	7,923034E-1
13,866667	7,922393E-1
13,883333	7,923568E-1
13,900000	7,921913E-1
13,916667	7,922660E-1
13,933333	7,922874E-1
13,950000	7,921753E-1
13,966667	7,922821E-1
13,983333	7,921593E-1
14,000000	7,922927E-1
14,016667	7,922127E-1
14,033333	7,921753E-1
14,050000	7,921593E-1
14,066667	7,923781E-1
14,083333	7,921272E-1
14,100000	7,922180E-1
14,116667	7,921806E-1
14,133333	7,921219E-1
14,150000	7,921433E-1
14,166667	7,923781E-1
14,183333	7,922393E-1
14,200000	7,923621E-1
14,216667	7,922821E-1
14,233333	7,921433E-1
14,250000	7,923995E-1
14,266667	7,921005E-1
14,283333	7,921219E-1
14,300000	7,921112E-1
14,316667	7,921753E-1
14,333333	7,921433E-1
14,350000	7,922287E-1
14,366667	7,923461E-1
14,383333	7,921913E-1
14,400000	7,922340E-1
14,416667	7,923781E-1
14,433333	7,922607E-1
14,450000	7,922767E-1
14,466667	7,924475E-1
14,483333	7,923621E-1
14,500000	7,920952E-1
14,516667	7,922180E-1
14,533333	7,921966E-1
14,550000	7,922233E-1
14,566667	7,920952E-1
14,583333	7,923248E-1
14,600000	7,921539E-1
14,616667	7,921860E-1
14,633333	7,923621E-1
14,650000	7,923515E-1
14,666667	7,922393E-1
14,683333	7,921059E-1
14,700000	7,922393E-1
14,716667	7,923248E-1
14,733333	7,923248E-1
14,750000	7,924102E-1
14,766667	7,919297E-1
14,783333	7,923675E-1
14,800000	7,923034E-1
14,816667	7,921966E-1
14,833333	7,923568E-1
14,850000	7,922180E-1
14,866667	7,921753E-1
14,883333	7,923621E-1
14,900000	7,923461E-1
14,916667	7,922660E-1
14,933333	7,921272E-1
14,950000	7,921379E-1
14,966667	7,921753E-1
14,983333	7,921913E-1
15,000000	7,921593E-1

